SENTINEL-2A             
1 40697U 15028A   26267.30557198 -.00000112  00000+0 -26174-4 0  9992
2 40697  98.5666 340.7135 0001103  84.8540 275.2769 14.30816884587905
SENTINEL-2B             
1 42063U 17013A   26267.29841228 -.00000154  00000+0 -42170-4 0  9995
2 42063  98.5711 340.6469 0001153  88.7080 271.4235 14.30815352498817
SENTINEL-2C             
1 60989U 24157A   26267.19353461  .00000055  00000+0  37741-4 0  9991
2 60989  98.5718 340.5491 0001283  83.7232 276.4097 14.30815170107145
SENTINEL-1A             
1 39634U 14016A   26267.29855360  .00000128  00000+0  36469-4 0  9990
2 39634  98.1598 273.2776 0001470  86.2903 273.8465 14.59807436664470
SENTINEL-1C             
1 62261U 24235A   26267.28691558  .00000099  00000+0  30771-4 0  9999
2 62261  98.1823 273.1898 0001360  90.1908 269.9447 14.59198188 95868
LANDSAT 8               
1 39084U 13008A   26267.18407037  .00000197  00000+0  53732-4 0  9999
2 39084  98.2211 336.0947 0001311  94.6315 265.5033 14.57103528712319
LANDSAT 9               
1 49260U 21088A   26267.14978368  .00000207  00000+0  55922-4 0  9994
2 49260  98.2191 336.0811 0001462  93.0835 267.0531 14.57101912265419
TERRA                   
1 25994U 99068A   26267.31555648  .00000223  00000+0  54257-4 0  9994
2 25994  97.9355 312.8826 0000876 284.6919 140.7871 14.61164639424086
AQUA                    
1 27424U 02022A   26267.21079088  .00000529  00000+0  11497-3 0  9993
2 27424  98.4408 238.5341 0001372  63.7937 351.9107 14.62211334297740
SUOMI NPP               
1 37849U 11061A   26267.30237600  .00000055  00000+0  47257-4 0  9992
2 37849  98.8018 207.5245 0002662  57.7088 302.4345 14.19534834772507
NOAA 20 (JPSS-1)        
1 43013U 17073A   26267.24559523  .00000031  00000+0  35684-4 0  9990
2 43013  98.7830 205.8481 0001195  38.7721 321.3540 14.19527363458523
ISS (ZARYA)             
1 25544U 98067A   26267.14191496  .00009634  00000+0  18116-3 0  9999
2 25544  51.6318 170.3464 0004691 174.6338 185.4701 15.49258637587098
CARTOSAT-3              
1 44804U 19081A   26267.28214384  .00001350  00000+0  67170-4 0  9997
2 44804  97.4210 327.4933 0012032 161.8494 198.3173 15.19252465378513
OCEANSAT-2              
1 35931U 09051A   26267.27877484 -.00000029  00000+0  61568-5 0  9998
2 35931  98.2432 244.2802 0014857 319.2354  40.7700 13.99665591893197
RISAT-2B                
1 44233U 19028A   26267.25415870  .00002204  00000+0  17590-3 0  9993
2 44233  36.9961 126.8938 0005993 104.6027 255.5381 15.00919321402720
SENTINEL-3A             
1 41335U 16011A   26267.31006100  .00000052  00000+0  39678-4 0  9992
2 41335  98.6272 333.2593 0001195 106.6570 253.4742 14.26736371552190
SENTINEL-3B             
1 43437U 18039A   26267.14291785  .00000048  00000+0  37890-4 0  9994
2 43437  98.6268 333.2438 0001150  72.9317 287.1990 14.26738927438239
SENTINEL-6A             
1 46984U 20086A   26267.08577384 -.00000029  00000+0  14112-3 0  9995
2 46984  66.0401 289.6387 0007931 269.1631  90.8476 12.80929672272990
METOP-B                 
1 38771U 12049A   26267.29939237  .00000060  00000+0  47132-4 0  9995
2 38771  98.6401 316.7715 0003293  72.0525 288.1011 14.21460688727348
